0.227002 12.537684 6461.115714 8.422163
0.226900 13.104300 6562.184800 8.258000
0.226779 12.701933 6427.780564 8.243725
0.226700 13.105200 6562.110600 8.247600
0.226369 12.485155 6397.930051 8.241662
0.226500 13.075100 6562.090900 8.186700
0.227147 12.341307 6509.249359 8.337367
0.226200 13.093000 6562.053000 8.190200
0.228011 12.695906 6492.392338 8.534145
0.226500 13.104200 6562.063100 8.262500
0.227586 12.514090 6477.413464 8.419509
0.226700 13.097200 6562.090300 8.218600
0.226678 12.401567 6385.399150 8.196180
0.226600 13.087400 6562.110200 8.190400
0.226761 12.627076 6419.493516 8.404357
0.226600 13.106400 6561.784100 8.293300
0.227252 12.653061 6431.103964 8.346797
0.226100 13.105700 6562.098900 8.293700
0.226632 12.584213 6479.967949 8.363668
0.226500 13.106600 6562.148400 8.174200
0.227500 12.583561 6412.123067 8.662517
0.226300 13.057300 6562.187100 8.256500
0.225696 12.421986 6428.150072 8.316214
0.226600 13.100800 6562.140200 8.188700
0.226632 12.686747 6395.488612 8.465348
0.226300 13.099200 6562.103100 8.183800
0.226738 12.708387 6413.831810 8.482208
0.226700 13.098800 6562.157100 8.303800
0.227709 12.645144 6423.972223 8.411108
0.226300 13.107100 6562.072300 8.279700
0.229311 12.614705 6458.540110 8.295417
0.225900 13.072900 6562.035600 8.221300
0.227007 12.536722 6379.136017 8.469470
0.226600 13.100300 6562.077500 8.187000
0.225989 12.577591 6429.797624 8.351196
0.226600 13.106500 6562.060100 8.269100
0.226861 12.466178 6360.373689 8.593951
0.226800 13.099900 6562.138300 8.256300
0.225833 12.658006 6482.463165 8.371748
0.226400 13.105400 6562.121500 8.271400
0.226461 12.552954 6426.464651 8.401423
0.226500 13.085600 6562.121300 8.178700
0.227445 12.590323 6445.578247 8.402777
0.226300 13.081500 6562.058300 8.320100
0.226197 12.763057 6433.953267 8.284699
0.226300 13.103300 6562.040300 8.270900
0.226953 12.515946 6456.452792 8.328960
0.226400 13.103800 6562.123100 8.191900
0.226343 12.690874 6443.944039 8.584344
0.226400 13.102300 6562.067600 8.268200
0.226129 12.571765 6384.663564 8.328223
0.226200 13.106200 6562.146700 8.178700
0.227122 12.486979 6444.664571 8.411528
0.226400 13.097900 6562.061300 8.226400
0.227143 12.705494 6477.174391 8.381389
0.226300 13.099600 6562.097700 8.280500
0.227199 12.483699 6515.282764 8.454909
0.226500 13.089700 6562.035000 8.271700
0.227597 12.436119 6388.150108 8.398008
0.226300 13.106700 6562.024800 8.256300
0.226698 12.570629 6401.601052 8.432669
0.226500 13.101200 6562.121000 8.190900
0.227649 12.609833 6439.952684 8.467388
0.226600 13.098100 6562.078600 8.311800
0.227230 12.629649 6479.151781 8.414079
0.226200 13.077000 6561.791800 8.252700
0.227922 12.518098 6470.167772 8.329786
0.226500 13.106000 6562.113500 8.271100
0.226619 12.572629 6414.140249 8.516073
0.226400 13.105200 6562.049100 8.246200
0.225930 12.556488 6440.468829 8.434868
0.226400 13.104900 6562.025300 8.295500
0.227488 12.498776 6468.842361 8.202038
0.226200 13.098100 6562.137800 8.184800
0.227148 12.590791 6337.419576 8.398479
0.226400 13.099100 6562.056300 8.268200
0.226883 12.589051 6507.012572 8.439882
0.226500 13.093200 6562.204500 8.261900
0.227374 12.605761 6516.069061 8.365319
0.226400 13.081500 6562.054400 8.177200
0.227539 12.478336 6487.837603 8.400230
0.226600 13.102300 6562.117800 8.308900
0.226232 12.403842 6462.353617 8.290090
0.226500 13.098200 6562.058100 8.189400
0.225919 12.487967 6469.405410 8.337848
0.226400 13.093200 6562.111500 8.284200
0.227222 12.466380 6415.958029 8.391614
0.226600 13.105700 6562.169000 8.267500
0.226819 12.590323 6503.203973 8.387079
0.226500 13.101100 6562.074500 8.250000
0.226469 12.578806 6412.369578 8.421678
0.226200 13.105900 6562.098200 8.275700
0.226698 12.557233 6427.187000 8.212942
0.226700 13.100900 6562.047500 8.186000
0.227302 12.637883 6489.287974 8.268363
0.226700 13.106400 6562.078000 8.186900
0.226605 12.389853 6483.304984 8.357396
0.226300 13.100200 6562.056400 8.228700
0.227101 12.557871 6387.289026 8.359743
0.225800 13.107000 6562.099300 8.238800
0.226097 12.499762 6391.348646 8.421551
0.226300 13.100700 6562.025800 8.280100
0.227244 12.605050 6432.545478 8.353573
0.226800 13.103900 6562.127000 8.190000
0.226999 12.767629 6463.587775 8.442370
0.226400 13.100200 6562.074300 8.237900
0.227405 12.464778 6478.266356 8.456499
0.226900 13.092000 6562.158300 8.292000
0.227150 12.685678 6455.075308 8.332588
0.226600 13.093900 6562.067100 8.178200
0.227008 12.541418 6449.795913 8.301121
0.226500 13.097400 6562.044300 8.189200
0.226660 12.513948 6444.730713 8.368362
0.226500 13.105800 6562.053500 8.284200
0.226839 12.711413 6418.280242 8.487829
0.226300 13.105400 6562.041600 8.280300
0.226669 12.766756 6415.211676 8.335235
0.226200 13.105300 6562.111600 8.267700
0.226266 12.641712 6434.898486 8.458590
0.226500 13.100900 6562.066700 8.275600
0.227343 12.406516 6410.088339 8.459359
0.226400 13.102400 6562.025000 8.268200
0.227759 12.646207 6422.407408 8.371881
0.226800 13.091100 6562.089700 8.267600
0.226485 12.528011 6380.592306 8.241349
0.226600 13.101000 6562.103200 8.264600
0.226779 12.659991 6381.260573 8.366579
0.226600 13.102100 6562.080200 8.296500
0.227390 12.562014 6531.680186 8.434312
0.226400 13.106800 6562.079300 8.253000
0.227506 12.696668 6425.937063 8.488188
0.226600 13.100400 6562.087900 8.303600
0.226872 12.576145 6375.603392 8.493664
0.226500 13.103500 6562.016600 8.298300
0.226794 12.621015 6447.112489 8.421231
0.226500 13.106100 6562.073000 8.275500
0.227864 12.528238 6482.204546 8.455450
0.226300 13.106200 6562.073600 8.288600
0.226146 12.464128 6416.641366 8.276112
0.226300 13.080900 6562.071100 8.184300
0.227527 12.499071 6402.492452 8.314291
0.226200 13.076500 6562.024400 8.231500
0.227460 12.611001 6462.774267 8.342028
0.226600 13.078400 6562.065800 8.188400
0.226195 12.622455 6353.104269 8.169872
0.226600 13.098500 6562.074900 8.190700
0.226497 12.715926 6484.320767 8.335756
0.226700 13.107100 6562.130900 8.184100
0.227438 12.600556 6436.450134 8.399522
0.226000 13.103300 6562.112600 8.250000
0.227172 12.753904 6463.691438 8.363455
0.226500 13.102900 6562.048300 8.272600
0.227697 12.552956 6394.515119 8.369698
0.226500 13.090800 6562.043000 8.275800
0.227257 12.776559 6401.618152 8.166316
0.226300 13.106200 6561.790100 8.185100
0.226865 12.648302 6485.424045 8.326470
0.226400 13.098900 6562.047900 8.285200
0.226641 12.572265 6359.779501 8.295851
0.226500 13.102500 6562.138400 8.242000
0.226088 12.643740 6429.620997 8.217255
0.226700 13.106500 6562.040100 8.184200
0.226064 12.490416 6476.223491 8.419944
0.226200 13.102700 6561.789900 8.322200
0.226351 12.547328 6424.063318 8.294276
0.226300 13.107100 6562.154100 8.230700
0.226604 12.566840 6497.149585 8.430729
0.226500 13.086900 6562.178000 8.284000
0.227610 12.671891 6372.886283 8.307483
0.226100 13.094600 6562.098800 8.220300
0.227256 12.528515 6442.110265 8.339029
0.226700 13.101100 6562.088900 8.258200
0.227027 12.514151 6495.168681 8.394326
0.226300 13.103800 6562.098400 8.276900
0.228044 12.538614 6445.029419 8.459797
0.226300 13.106000 6562.119300 8.276900
0.227564 12.531859 6388.617992 8.414436
0.226700 13.099900 6561.990900 8.288500
0.228455 12.513060 6462.808661 8.344830
0.226100 13.102000 6562.109800 8.317200
0.227837 12.709066 6484.455581 8.295247
0.226100 13.104500 6562.022500 8.166400
0.226273 12.541446 6486.649030 8.314047
0.226700 13.093800 6562.092100 8.188500
0.228003 12.456673 6361.332437 8.284509
0.226400 13.104600 6562.095800 8.287400
0.227772 12.658462 6445.077127 8.514691
0.226600 13.106900 6562.106400 8.255600
0.227833 12.565720 6430.724423 8.486696
0.226600 13.099300 6562.077000 8.284100
0.227722 12.583631 6377.280860 8.291649
0.226400 13.103700 6562.072900 8.229100
0.226907 12.560253 6432.257768 8.453646
0.226400 13.102000 6562.129000 8.262600
0.227140 12.618592 6477.630284 8.468775
0.226800 13.106700 6562.091700 8.237300
0.227687 12.476415 6420.980491 8.437807
0.226500 13.088400 6562.125200 8.310900
0.226882 12.494421 6446.327617 8.675342
0.226000 13.081100 6562.090600 8.303100
